5.0,12.0,2.0,10,9,1,90.0,383162226,8.20,1821.0
5.0,8.0,2.0,11,10,1,90.9,377065070,8.08,1821.0
5.0,8.0,4.0,6,5,1,83.3,330845590,7.21,1821.0
5.0,9.0,2.0,10,9,1,90.0,318731571,6.99,1821.0
6.0,12.0,2.0,10,9,1,90.0,372513116,6.83,1825.3
6.0,8.0,2.0,11,10,1,90.9,366415960,6.73,1825.3
6.0,8.0,4.0,6,5,1,83.3,320196480,6.01,1825.3
7.0,12.0,2.0,10,9,1,90.0,361864006,5.85,2087.3
6.0,9.0,2.0,10,9,1,90.0,308082461,5.82,1825.3
7.0,8.0,2.0,11,10,1,90.9,355766850,5.77,2087.3
6.0,12.0,3.0,6,5,1,83.3,304048426,5.76,1825.3
7.0,8.0,4.0,6,5,1,83.3,309547370,5.15,2087.3
7.0,9.0,2.0,10,9,1,90.0,297433351,4.99,2087.3
8.0,12.0,2.0,10,9,1,90.0,338658496,4.98,2369.3
7.0,12.0,3.0,6,5,1,83.3,293399316,4.94,2087.3
8.0,8.0,2.0,11,10,1,90.9,332561340,4.90,2369.3
8.0,9.0,2.0,10,9,1,90.0,274227841,4.22,2369.3
8.0,12.0,3.0,5,4,1,80.0,273792226,4.21,2545.4
7.0,8.0,5.0,5,4,1,80.0,208015305,3.79,2087.3
7.0,8.0,3.0,6,5,1,83.3,201151392,3.70,2087.3
5.0,7.0,2.0,16,13,3,81.2,394054147,3.53,1821.0
4.0,11.0,4.0,8,5,3,62.5,283441519,3.30,1622.7
4.0,12.0,2.0,12,9,3,75.0,311818404,3.22,1622.7
5.0,6.0,2.0,16,13,3,81.2,338512451,3.17,1821.0
8.0,8.0,3.0,5,4,1,80.0,181544302,3.13,2545.4
4.0,10.0,4.0,8,5,3,62.5,249193762,3.02,1622.7
4.0,12.0,3.0,8,5,3,62.5,248760090,2.74,1622.7
4.0,9.0,4.0,8,5,3,62.5,214946005,2.74,1622.7
5.0,11.0,2.0,13,10,3,76.9,262222125,2.68,1821.0
5.0,7.0,4.0,9,6,3,66.7,258852059,2.67,1821.0
5.0,7.0,5.0,9,6,3,66.7,244817830,2.58,1821.0
6.0,7.0,2.0,15,12,3,80.0,291670136,2.56,1825.3
5.0,10.0,2.0,13,10,3,76.9,238862275,2.53,1821.0
6.0,6.0,2.0,15,12,3,80.0,246302080,2.32,1825.3
4.0,11.0,5.0,9,5,4,55.6,216896695,2.31,1622.7
6.0,11.0,2.0,13,10,3,76.9,231053094,2.24,1825.3
6.0,7.0,4.0,9,6,3,66.7,227818470,2.22,1825.3
6.0,7.0,3.0,10,7,3,70.0,219883859,2.18,1825.3
7.0,7.0,2.0,14,11,3,78.6,255249114,2.17,2087.3
6.0,7.0,5.0,9,6,3,66.7,213784241,2.15,1825.3
6.0,10.0,2.0,13,10,3,76.9,207693244,2.11,1825.3
4.0,10.0,5.0,9,5,4,55.6,182804530,2.10,1622.7
5.0,12.0,3.0,8,5,3,62.5,188452967,2.06,1821.0
4.0,7.0,3.0,13,8,5,61.5,226041574,2.01,1622.7
7.0,6.0,2.0,14,11,3,78.6,209881058,1.96,2087.3
4.0,9.0,5.0,9,5,4,55.6,148712365,1.90,1622.7
7.0,7.0,4.0,9,6,3,66.7,195605150,1.90,2087.3
7.0,11.0,2.0,12,9,3,75.0,194632072,1.89,2087.3
6.0,6.0,3.0,10,7,3,70.0,163726671,1.88,1825.3
7.0,7.0,3.0,10,7,3,70.0,187670539,1.86,2087.3
4.0,6.0,3.0,13,8,5,61.5,191639325,1.86,1622.7
6.0,11.0,3.0,8,5,3,62.5,158678571,1.85,1825.3
8.0,7.0,2.0,14,11,3,78.6,211490592,1.85,2369.3
7.0,7.0,5.0,9,6,3,66.7,181570921,1.83,2087.3
6.0,11.0,5.0,4,2,2,50.0,114170040,1.82,1825.3
5.0,8.0,5.0,7,4,3,57.1,125483260,1.80,1821.0
7.0,10.0,2.0,12,9,3,75.0,171272222,1.78,2087.3
4.0,11.0,3.0,11,6,5,54.5,164755446,1.74,1622.7
6.0,10.0,3.0,8,5,3,62.5,135616590,1.73,1825.3
5.0,11.0,5.0,7,3,4,42.9,155712790,1.72,1821.0
4.0,7.0,2.0,19,12,7,63.2,215388046,1.71,1622.7
8.0,6.0,2.0,14,11,3,78.6,166122536,1.67,2369.3
8.0,7.0,4.0,9,6,3,66.7,165281976,1.66,2545.4
4.0,10.0,3.0,11,6,5,54.5,141713675,1.63,1622.7
8.0,7.0,5.0,9,6,3,66.7,151247747,1.61,2545.4
6.0,9.0,3.0,8,5,3,62.5,112554609,1.60,1825.3
8.0,11.0,2.0,12,9,3,75.0,150873550,1.60,2369.3
7.0,6.0,3.0,10,7,3,70.0,131513351,1.60,2087.3
8.0,7.0,3.0,9,6,3,66.7,147434039,1.59,2545.4
7.0,11.0,3.0,8,5,3,62.5,126465251,1.58,2087.3
4.0,6.0,2.0,19,12,7,63.2,171276234,1.56,1622.7
5.0,10.0,5.0,7,3,4,42.9,121767970,1.56,1821.0
7.0,11.0,5.0,4,2,2,50.0,90646801,1.56,2087.3
5.0,6.0,4.0,9,5,4,55.6,119056458,1.55,1821.0
5.0,6.0,5.0,9,5,4,55.6,119056458,1.55,1821.0
4.0,9.0,3.0,11,6,5,54.5,118671904,1.53,1622.7
8.0,10.0,2.0,12,9,3,75.0,127513700,1.51,2369.3
4.0,11.0,2.0,17,10,7,58.8,154771004,1.51,1622.7
6.0,8.0,5.0,7,4,3,57.1,94068297,1.50,1825.3
7.0,10.0,3.0,8,5,3,62.5,103403270,1.47,2087.3
6.0,8.0,3.0,8,5,3,62.5,87204384,1.46,1825.3
5.0,7.0,3.0,12,7,5,58.3,125343953,1.45,1821.0
8.0,6.0,4.0,9,6,3,66.7,110959806,1.44,2545.4
4.0,10.0,2.0,17,10,7,58.8,131411154,1.43,1622.7
8.0,8.0,5.0,5,3,2,60.0,79842724,1.43,2545.4
7.0,10.0,5.0,4,2,2,50.0,67673631,1.42,2087.3
5.0,9.0,5.0,7,3,4,42.9,88156393,1.40,1821.0
8.0,6.0,5.0,9,6,3,66.7,95111483,1.38,2545.4
7.0,9.0,3.0,8,5,3,62.5,80341289,1.37,2087.3
8.0,6.0,3.0,9,6,3,66.7,91277565,1.37,2545.4
8.0,11.0,3.0,7,4,3,57.1,86305149,1.35,2545.4
6.0,10.0,5.0,7,3,4,42.9,76475464,1.29,1825.3
6.0,6.0,4.0,9,5,4,55.6,74466816,1.29,1825.3
6.0,6.0,5.0,9,5,4,55.6,74466816,1.29,1825.3
4.0,9.0,2.0,16,9,7,56.2,81024649,1.26,1622.7
8.0,10.0,3.0,7,4,3,57.1,63243168,1.25,2545.4
5.0,6.0,3.0,12,7,5,58.3,69232115,1.25,1821.0
4.0,7.0,5.0,13,6,7,46.2,76911901,1.24,1622.7
8.0,10.0,5.0,4,2,2,50.0,43204384,1.23,2545.4
5.0,11.0,3.0,10,5,5,50.0,63957265,1.23,1821.0
5.0,12.0,5.0,5,2,3,40.0,38769568,1.22,1821.0
4.0,8.0,2.0,16,9,7,56.2,57037144,1.19,1622.7
6.0,9.0,5.0,7,3,4,42.9,42706360,1.16,1825.3
8.0,9.0,3.0,7,4,3,57.1,40181187,1.16,2545.4
5.0,10.0,3.0,10,5,5,50.0,40940634,1.15,1821.0
5.0,12.0,4.0,5,2,3,40.0,19466589,1.11,1821.0
8.0,9.0,5.0,4,2,2,50.0,20363052,1.11,2545.4
7.0,6.0,4.0,9,5,4,55.6,29548627,1.10,2087.3
7.0,6.0,5.0,9,5,4,55.6,29548627,1.10,2087.3
5.0,11.0,4.0,8,3,5,37.5,24031862,1.09,1821.0
5.0,9.0,3.0,10,5,5,50.0,17924003,1.06,1821.0
4.0,6.0,5.0,13,6,7,46.2,20046649,1.06,1622.7
6.0,12.0,5.0,5,2,3,40.0,2414845,1.01,1825.3
5.0,10.0,4.0,8,3,5,37.5,1376046,1.00,1821.0
4.0,7.0,4.0,13,6,7,46.2,-669693,1.00,1622.7
7.0,9.0,5.0,7,3,4,42.9,-2313385,0.99,2087.3
4.0,8.0,4.0,11,4,7,36.4,-5896936,0.98,1622.7
5.0,8.0,3.0,10,5,5,50.0,-6999498,0.98,1821.0
4.0,8.0,3.0,12,5,7,41.7,-8289194,0.97,1622.7
4.0,8.0,5.0,11,4,7,36.4,-19962357,0.93,1622.7
5.0,9.0,4.0,8,3,5,37.5,-20946527,0.92,1821.0
6.0,12.0,4.0,5,2,3,40.0,-17636990,0.92,1825.3
4.0,6.0,4.0,13,6,7,46.2,-27523518,0.91,1622.7
7.0,12.0,5.0,5,2,3,40.0,-33497559,0.86,2087.3
6.0,11.0,4.0,5,2,3,40.0,-29355008,0.86,1825.3
6.0,10.0,4.0,8,3,5,37.5,-55760580,0.83,1825.3
7.0,12.0,4.0,5,2,3,40.0,-54050926,0.78,2087.3
8.0,8.0,4.0,6,3,3,50.0,-62954104,0.78,6128.3
4.0,12.0,5.0,10,2,8,20.0,-81527940,0.77,1622.7
6.0,9.0,4.0,8,3,5,37.5,-78240680,0.76,1825.3
7.0,11.0,4.0,5,2,3,40.0,-65768944,0.73,2087.3
7.0,10.0,4.0,8,3,5,37.5,-113738726,0.71,2087.3
8.0,12.0,5.0,5,2,3,40.0,-83961797,0.70,2545.4
8.0,11.0,5.0,5,2,3,40.0,-95679815,0.66,2545.4
7.0,9.0,4.0,8,3,5,37.5,-136218826,0.65,2087.3
8.0,12.0,4.0,5,2,3,40.0,-102474404,0.64,6128.3
8.0,11.0,4.0,5,2,3,40.0,-114192422,0.60,6128.3
8.0,10.0,4.0,8,3,5,37.5,-182715216,0.59,6128.3
8.0,9.0,4.0,8,3,5,37.5,-205195316,0.54,6128.3
4.0,12.0,4.0,11,2,9,18.2,-185929432,0.54,1622.7
